400
L -91411 59929 -24974 79655
L -89444 90827 54042 67195
L -70926 54161 -87999 -50349
L 3460 -28264 -47073 46391
L -94799 68910 -81230 -88748
L -87687 6890 90526 56380
L -37910 -81146 -49894 -18695
L -44014 41064 5168 -83638
L -89595 -92416 -95636 28352
L -72914 -17750 26490 -8692
L -103 -73999 -81618 -29202
L -85591 -85668 -99220 42289
L 16298 91198 -94890 -14404
L -72560 62204 -93434 41064
L 27799 -97820 -94075 -89364
L -23917 79347 31061 77716
L -90043 -93231 -37539 -94862
L -82479 70268 78703 -79263
L 37620 2746 -62522 -26248
L -59827 17908 -95058 64486
L 67160 15227 67825 78703
L -73327 -19059 75917 34757
L 27022 84541 37032 33091
L -39891 -80222 -51721 34834
L -72098 -10911 79354 -65259
L 38138 63065 21240 79004
L 28149 -97592 -37182 -30007
L 30956 -91460 73768 -74629
L -74944 32125 -49362 16767
L -6025 -94348 -31715 37298
L -93049 58151 70954 -35572
L -11233 -9399 -90368 32335
L -92538 -24190 -11268 62337
L 76841 20050 -70124 12889
L 79963 50164 -61528 -79175
L -2049 -95226 -24827 72452
L -78955 -89182 -34676 63940
L -90697 -16763 -93259 -86963
L -62655 22388 -2357 70233
L -78759 -99325 -96203 -49999
L 26294 -45869 62932 -46443
L 58767 -77506 -83795 -95709
L -64048 -9784 -40983 -33241
L -81041 17649 -69557 47119
L 79382 -1979 -13949 -24561
L 1745 -29412 20813 -67933
L 22381 -16189 -13053 7184
L -63530 63205 67139 -38519
L -74132 18412 -92664 -88037
L -12444 -14593 -72326 29024
L -79655 -37903 40182 -31267
L -37819 -78699 67300 25923
L -82511 -93644 37515 -84922
L -79882 87698 17117 -82857
L -69949 -43867 -99510 69890
L -90613 72011 60006 75567
L -88548 40798 -34046 -38414
L 74727 33770 59460 39258
L -96336 -16903 -81139 -33087
L -8209 99843 90568 49905
L -12766 55631 65564 -3526
L -20130 17656 96854 96763
L -19717 -39751 -20200 44039
L 34680 -15993 -80176 -93189
L 99003 -99391 -84159 76281
L 51522 -73712 -69326 -89546
L -91642 77695 53097 -48739
L -37651 12378 -29699 -4751
L -7586 -15321 -62809 53699
L 16193 24166 38327 -94817
L -72557 24215 -71202 -76106
L 56142 7352 -21369 51781
L -78584 -56908 43325 -49663
L 86466 14163 -3701 23816
L -91191 48148 80831 90967
L 65648 -72021 -58259 32027
L 71269 -72357 -71318 -99976
L 72158 34043 -85570 99948
L -39681 -46128 60699 -5206
L -74548 13295 -83851 24677
L -36489 61903 97127 -84005
L 97162 29192 88377 83813
L -3638 -66729 -97599 46265
L 13232 8213 46622 -63929
L 25832 -74181 -80033 98555
L -60051 95951 -54248 73712
L 78395 20988 -78265 -19969
L 31523 -5038 -93287 92339
L -67331 -71517 -23483 25965
L -20256 -63103 74804 -28698
L -97624 8409 56821 -84632
L -46107 77737 -96262 6477
L -19290 -89815 254 -37805
L 78360 -78349 -93767 83652
L 27449 45754 -73831 -76673
L 53643 67300 -68885 -72634
L -29286 -90417 -39359 53384
L 67573 83414 88706 -80222
L -95443 97337 86725 87544
L 14926 83078 85248 -81268
L -75696 -4870 9277 12448
L 7205 32902 58795 22080
L -94799 84898 62533 -40500
L -91653 8395 5987 66873
L -87362 -79644 20442 -49411
L -15608 19238 69652 -90253
L -79354 30991 -85328 -68738
L 72732 92605 52257 -99059
L -61794 -44672 78542 61882
L -87099 -73568 -9707 75196
L -97445 -27067 -41970 -79942
L 61301 -52449 -45575 -87512
L 27876 -87488 48008 78514
L 20554 -95160 -6949 44977
L -44042 -93781 72494 23571
L -17778 67188 -10141 -71759
L -32184 60762 60720 -97729
L -39625 -91061 -76554 34960
L 74230 10306 -39009 39468
L -13977 -93455 94110 -40290
L -62207 -43209 85955 59768
L -13837 -94960 99542 93746
L 85227 -61080 95664 3208
L 35534 89518 -81041 99031
L 51725 -99559 -40990 75196
L 63653 -49740 28681 -12780
L -90638 45873 -88457 19497
L -65462 29024 90449 -90176
L -72427 77989 98044 -74457
L -71430 24026 -22531 30095
L -99874 69666 -71045 -82486
L 44578 -94575 8199 -53177
L 92318 -11940 -72889 -98541
L -84716 -87323 387 82343
L 19658 -64356 29710 82392
L -62627 -78269 -96567 99227
L -53807 -38813 -30798 -84394
L -14495 40952 -60856 -78048
L 32398 -71311 8892 -7012
L 29122 70709 -49824 -71577
L 85171 -73036 39916 22290
L -13697 9725 -89955 76435
L -89990 1584 -2084 -29174
L 3537 -86739 99521 -41774
L 35828 16130 -35740 -97953
L -9322 -84408 -96665 -98236
L 60069 -17239 -48081 -52771
L -12584 -83862 43955 18244
L -80950 15808 64066 87516
L -15020 -81972 -76281 19511
L -21516 -85962 -92143 65424
L -79459 54070 81006 10992
L -97561 -28383 39804 -5087
L 97554 70821 -63460 -62907
L -86872 -35418 95629 -93595
L -74391 -76270 -34319 -27263
L -82864 -98345 -83270 38019
L -60660 6708 -74167 26098
L 57584 -78832 -86354 8528
L 25027 -83519 86018 -41893
L -84166 22353 73586 83428
L 8724 80733 87971 60034
L -44014 -44735 40014 -53492
L -59799 -43902 -84513 -45904
L -16049 38733 -75630 23263
L -85346 25475 -75252 45838
L 72998 -4212 -80085 80411
L -79760 -93483 -40829 23396
L 27085 -88527 93900 -81464
L 93389 -17463 95783 -91558
L -95023 72459 -5661 93361
L 53076 -90421 11818 -10974
L -341 -82185 -12283 -86847
L 66572 -42215 -94071 92913
L 43605 394 40574 52425
L 99808 69596 39643 36444
L -66393 77394 50164 -81492
L 11125 -35320 -7264 -97834
L -89122 -17764 89042 93214
L -82276 -56376 -73523 -60611
L -32982 66229 -95097 -13809
L 17348 -61689 -21180 16613
L 81454 63387 -6816 -95503
L 94607 -3302 14338 -79256
L -85895 48211 42345 -7334
L 88139 -91919 76820 -50657
L 17649 45971 -83067 -99087
L -86984 57045 49604 -39086
L -18051 -99041 77709 11930
L -61633 -5780 -28817 -39856
L -66960 90974 -95415 -92370
L -15384 -81797 64766 5532
L -88902 47308 91555 177
L -59008 -72616 -6291 -30525
L -96311 -55928 -90501 -8244
L 49450 23627 95293 44473
L 4195 -6970 -82791 -60870
L 8885 45152 5371 -98173
L -73845 -3484 52138 149
L 87096 68812 -50496 -56691
L 72172 75854 -89318 -20592
L 82252 -23399 -86928 58459
L 28695 52236 -39387 49590
L 33497 -2245 -74625 16074
L 86669 3145 -73768 -74874
L -72091 -96780 10215 -86130
L -94470 -70068 -53758 -47297
L 9634 63842 -78279 21716
L -73796 -87176 51270 -81464
L 85486 14093 -77110 -52680
L 28051 65214 -85304 49366
L -79214 26308 -74380 -4387
L -83277 57920 -71223 -40416
L 61063 -38841 -49621 15514
L -14670 48302 -64055 -26108
L 26476 -18275 41064 -65847
L 7142 32475 68504 -15062
L -38505 -79931 93872 -80257
L 89077 -85713 -92080 -54787
L -83974 48631 58907 -61878
L -36979 61756 -41886 -71153
L 64325 45418 55743 7989
L 26035 57115 62071 -7236
L -68409 52117 -55739 -73334
L 863 -1258 -73138 66460
L -71041 -74023 -43671 -22972
L 33532 -3330 56387 99843
L 31831 -74062 94572 92521
L 99290 -73771 -90085 10355
L 30949 -95685 -96108 98296
L 10670 -72207 57220 -82434
L -43797 -61605 -7992 -37084
L 27687 70842 82595 751
L -44322 -73624 23270 -97508
L 5728 28611 -2679 -91719
L 88664 -17456 67160 84121
L 63051 28842 -28376 -98012
L 32664 -21362 25776 -71430
L 15458 -19836 33889 -52372
L 80663 -86067 -77919 17971
L -98891 56422 -57524 34043
L -12045 -62326 -73960 -85409
L 13771 -37105 -81510 91653
L 26742 -76641 47077 61476
L -85608 66131 -30651 -60415
L -80299 89791 70653 5462
L -19591 29360 25741 -50419
L 34428 27071 78745 13911
L 98422 -341 93186 -96360
L -49425 98128 19966 -21208
L -70397 -11142 70079 -55368
L 23536 -83592 -88835 8297
L 35968 -28831 -8405 -49964
L 91422 63520 -46982 -70495
L -61255 9543 -12416 81160
L -15790 -63859 -99178 -33318
L -9875 -48088 -74947 -15202
L -23791 -20263 8080 71955
L -52295 73635 -88475 87978
L 5623 51585 30879 -27193
L -13900 -86413 77394 -60541
L -44959 -93802 81951 -63621
L 16858 -79193 24754 20519
L 75224 -8048 4251 -43237
L 69260 -28299 -74195 -85531
L -53373 -35530 88006 -82070
L -73621 -37854 -35327 -54605
L -92542 81853 -74622 67720
L -95573 70177 -42446 93144
L -74338 87271 -15139 -73747
L -24442 -88342 -65637 83792
L -27585 8409 99549 -70856
L 33938 -75294 -71916 -32443
L -48501 97414 34449 -94897
L -71034 94600 -39345 37298
L -16749 -88552 -50335 11538
L -93721 -63243 -27837 87481
L -32513 -1930 -86854 -24295
L -72382 -32863 -77205 78157
L 7359 -78720 44949 5189
L -95191 25041 91303 -89962
L 58977 86753 -83281 -25506
L 58893 884 -77625 -83599
L -46184 -92328 -17295 46006
L -82346 -66148 -76298 7415
L 23249 -48228 -75360 -56677
L -38526 -91166 100 -9980
L 31383 17572 -6732 88272
L 25111 -17904 -80225 -83536
L 86326 -8104 -48158 14114
L -63495 -93826 -64867 2767
L 89098 47847 51172 18629
L 69617 30368 -5430 -82903
L 14135 -45974 -86963 93438
L -23742 -63859 44354 -15034
L -96329 18013 -96199 28800
L -86252 83071 15213 -88783
L 58690 -5885 -89840 5889
L -7173 42807 -47724 -21852
L -21208 84240 17593 70821
L -72329 -26976 58935 -57622
L 69239 -97025 -80260 96168
L 76148 55610 -33360 -50965
L 32538 -5444 1052 422
L -99703 -36433 -17001 -90267
L -20291 -62207 50997 -3771
L 63947 -37833 -39849 -67121
L -91422 -79637 9704 -50265
L 67986 -25555 -87883 -94201
L 66747 47987 -31134 -84509
L 29136 51585 87334 -52533
L 63548 -88352 86613 11930
L 60671 -45505 37767 -63950
L 60895 18538 -42348 96084
L 79137 -89059 -74972 -92902
L 25139 40343 -38295 -74205
L 13071 25062 -41291 32874
L 92752 72151 2865 38677
L -74219 -55060 -40150 -4674
L -38001 84954 -2084 -92748
L 52075 -64825 85948 22752
L 33511 95055 49240 22136
L 60860 -86399 75574 -79830
L -58224 -96724 73005 -95440
L 66705 -77541 65725 16417
L -17575 9795 29416 99983
L -50195 -6872 -23770 57500
L -69557 34505 66978 53580
L -33864 21464 -44882 64150
L 66061 -81457 -78010 14359
L -75252 1780 49730 53132
L 50297 7611 -79879 -32023
L -62242 42030 21303 69708
L 8220 17110 92038 27561
L -80610 1983 -9063 48701
L -79448 90309 -26451 -34886
L 17068 -92983 82126 -66274
L 76155 50178 7947 -81534
L 20876 -15083 -22783 54371
L 62239 56163 -84614 -19997
L -83610 25069 -6494 -73547
L -37686 -86616 40693 43444
L -24736 13897 8955 62841
L 91877 16095 -78682 -91306
L 53503 92675 -92510 -86434
L -40073 26105 33756 -96560
L 51256 -91019 -61724 -36671
L -73600 -97029 -4884 -19017
L 39076 90680 71542 -41669
L 74146 98506 -9427 -24554
L -78045 78444 -43580 -85720
L -76302 -73162 32335 -13704
L 17243 -84219 -60268 6183
L 50738 -36916 -96833 85276
L -77061 56499 -65686 28023
L -88695 94544 13960 -94852
L -76396 35751 36388 28086
L 92885 -52645 92724 -54752
L -1566 22955 -90004 55337
L -96815 59355 -47395 -94344
L -56698 91520 -79581 -65462
L -27669 99738 -73624 -96773
L -75679 29031 -82742 -12437
L -18492 99276 -78843 92500
L 80936 -76918 48946 -51707
L -24421 -96462 75252 -90326
L 24978 -88653 96868 -29370
L -15895 84205 -65406 -72844
L -40143 -57797 -28985 59565
L 15059 -91590 -62459 -80187
L 90064 -76575 -98562 -10386
L -37483 78010 43031 -23098
L -2273 -65476 -38134 -59918
L -83477 -43748 -68500 -80565
L 26931 44039 -22741 12126
L -18751 23165 66628 28793
L 58907 56079 -95247 3873
L -10974 12672 -81450 -14187
L 36171 -44420 -89539 -97704
L -82878 -86536 513 86130
L -58077 -23392 7723 -54948
L -28985 -65917 -79980 -27739
L -77194 40532 79417 22864
L -53359 19882 14093 -29405
L 96245 -88933 -85209 28030
L -87792 -42040 -83501 -36608
L 42436 66075 59705 2305
L -84037 -48550 20974 -75658
L 45306 74881 -89140 84002
L -80292 -71311 -94173 77247
L -46317 -13788 -64762 25062
L -89213 -89532 -63012 -81646
L 20855 -90249 -84590 -86949
L 10460 -17820 14324 -79515
L 52474 85122 15087 57409
L -79942 -81611 -61731 89567
L 74076 62071 -83225 -31211
L -25107 65480 -98348 -38855
L -4919 -26353 -84726 -9210
L -87908 -5843 31145 -97648